P6
30 40
255
127 127 127  127 127 127  127 127 127  127 127 127  127 127 127  127 127 127  127 127 127  127 127 127  127 127 127  127 127 127  127 127 127  127 127 127  127 127 127  127 127 127  127 127 127  127 127 127  127 127 127  127 127 127  127 127 127  127 127 127  127 127 127  127 127 127  127 127 127  127 127 127  127 127 127  127 127 127  127 127 127  127 127 127  127 127 127  127 127 127  
127 127 127  127 127 127  127 127 127  127 127 127  127 127 127  127 127 127  127 127 127  127 127 127  127 127 127  127 127 127  127 127 127  127 127 127  127 127 127  127 127 127  127 127 127  127 127 127  127 127 127  127 127 127  127 127 127  127 127 127  127 127 127  127 127 127  127 127 127  127 127 127  127 127 127  127 127 127  127 127 127  127 127 127  127 127 127  127 127 127  
127 127 127  127 127 127  127 127 127  127 127 127  127 127 127  127 127 127  127 127 127  127 127 127  127 127 127  127 127 127  127 127 127  127 127 127  127 127 127  127 127 127  127 127 127  127 127 127  127 127 127  127 127 127  127 127 127  127 127 127  127 127 127  127 127 127  127 127 127  127 127 127  127 127 127  127 127 127  127 127 127  127 127 127  127 127 127  127 127 127  
127 127 127  127 127 127  127 127 127  127 127 127  127 127 127  127 127 127  127 127 127  127 127 127  127 127 127  127 127 127  127 127 127  127 127 127  127 127 127  127 127 127  127 127 127  127 127 127  127 127 127  127 127 127  127 127 127  127 127 127  127 127 127  127 127 127  127 127 127  127 127 127  127 127 127  127 127 127  127 127 127  127 127 127  127 127 127  127 127 127  
127 127 127  127 127 127  127 127 127  127 127 127  127 127 127  127 127 127  127 127 127  127 127 127  127 127 127  127 127 127  127 127 127  127 127 127  127 127 127  127 127 127  127 127 127  127 127 127  127 127 127  127 127 127  127 127 127  127 127 127  127 127 127  127 127 127  127 127 127  127 127 127  127 127 127  127 127 127  127 127 127  127 127 127  127 127 127  127 127 127  
127 127 127  127 127 127  127 127 127  127 127 127  127 127 127  127 127 127  127 127 127  127 127 127  127 127 127  127 127 127  127 127 127  127 127 127  127 127 127  127 127 127  127 127 127  127 127 127  127 127 127  127 127 127  127 127 127  127 127 127  127 127 127  127 127 127  127 127 127  127 127 127  127 127 127  127 127 127  127 127 127  127 127 127  127 127 127  127 127 127  
127 127 127  127 127 127  127 127 127  127 127 127  127 127 127  127 127 127  127 127 127  127 127 127  127 127 127  127 127 127  127 127 127  127 127 127  127 127 127  127 127 127  127 127 127  127 127 127  127 127 127  127 127 127  127 127 127  127 127 127  127 127 127  127 127 127  127 127 127  127 127 127  127 127 127  127 127 127  127 127 127  127 127 127  127 127 127  127 127 127  
127 127 127  127 127 127  127 127 127  127 127 127  127 127 127  127 127 127  127 127 127  127 127 127  127 127 127  127 127 127  127 127 127  127 127 127  127 127 127  127 127 127  127 127 127  127 127 127  127 127 127  127 127 127  127 127 127  127 127 127  127 127 127  127 127 127  127 127 127  127 127 127  127 127 127  127 127 127  127 127 127  127 127 127  127 127 127  127 127 127  
127 127 127  127 127 127  127 127 127  127 127 127  127 127 127  127 127 127  127 127 127  127 127 127  127 127 127  127 127 127  127 127 127  127 127 127  127 127 127  127 127 127  127 127 127  127 127 127  127 127 127  127 127 127  127 127 127  127 127 127  127 127 127  127 127 127  127 127 127  127 127 127  127 127 127  127 127 127  127 127 127  127 127 127  127 127 127  127 127 127  
127 127 127  127 127 127  127 127 127  127 127 127  127 127 127  127 127 127  127 127 127  127 127 127  127 127 127  127 127 127  127 127 127  127 127 127  127 127 127  127 127 127  127 127 127  127 127 127  127 127 127  127 127 127  127 127 127  127 127 127  127 127 127  127 127 127  127 127 127  127 127 127  127 127 127  127 127 127  127 127 127  127 127 127  127 127 127  127 127 127  
127 127 127  127 127 127  127 127 127  127 127 127  127 127 127  127 127 127  127 127 127  127 127 127  127 127 127  127 127 127  127 127 127  127 127 127  127 127 127  127 127 127  127 127 127  127 127 127  127 127 127  127 127 127  127 127 127  127 127 127  127 127 127  127 127 127  127 127 127  127 127 127  127 127 127  127 127 127  127 127 127  127 127 127  127 127 127  127 127 127  
127 127 127  127 127 127  127 127 127  127 127 127  127 127 127  127 127 127  127 127 127  127 127 127  127 127 127  127 127 127  127 127 127  127 127 127  127 127 127  127 127 127  127 127 127  127 127 127  127 127 127  127 127 127  127 127 127  127 127 127  127 127 127  127 127 127  127 127 127  127 127 127  127 127 127  127 127 127  127 127 127  127 127 127  127 127 127  127 127 127  
127 127 127  127 127 127  127 127 127  127 127 127  127 127 127  127 127 127  127 127 127  127 127 127  127 127 127  127 127 127  127 127 127  127 127 127  127 127 127  127 127 127  127 127 127  127 127 127  127 127 127  127 127 127  127 127 127  127 127 127  127 127 127  127 127 127  127 127 127  127 127 127  127 127 127  127 127 127  127 127 127  127 127 127  127 127 127  127 127 127  
127 127 127  127 127 127  127 127 127  127 127 127  127 127 127  127 127 127  127 127 127  127 127 127  127 127 127  127 127 127  127 127 127  127 127 127  127 127 127  127 127 127  127 127 127  127 127 127  127 127 127  127 127 127  127 127 127  127 127 127  127 127 127  127 127 127  127 127 127  127 127 127  127 127 127  127 127 127  127 127 127  127 127 127  127 127 127  127 127 127  
127 127 127  127 127 127  127 127 127  127 127 127  127 127 127  127 127 127  127 127 127  127 127 127  127 127 127  127 127 127  127 127 127  127 127 127  127 127 127  127 127 127  127 127 127  127 127 127  127 127 127  127 127 127  127 127 127  127 127 127  127 127 127  127 127 127  127 127 127  127 127 127  127 127 127  127 127 127  127 127 127  127 127 127  127 127 127  127 127 127  
127 127 127  127 127 127  127 127 127  127 127 127  127 127 127  127 127 127  127 127 127  127 127 127  127 127 127  127 127 127  127 127 127  127 127 127  127 127 127  127 127 127  127 127 127  127 127 127  127 127 127  127 127 127  127 127 127  127 127 127  127 127 127  127 127 127  127 127 127  127 127 127  127 127 127  127 127 127  127 127 127  127 127 127  127 127 127  127 127 127  
127 127 127  127 127 127  127 127 127  127 127 127  127 127 127  127 127 127  127 127 127  127 127 127  127 127 127  127 127 127  127 127 127  127 127 127  127 127 127  127 127 127  127 127 127  127 127 127  127 127 127  127 127 127  127 127 127  127 127 127  127 127 127  127 127 127  127 127 127  127 127 127  127 127 127  127 127 127  127 127 127  127 127 127  127 127 127  127 127 127  
127 127 127  127 127 127  127 127 127  127 127 127  127 127 127  127 127 127  127 127 127  127 127 127  127 127 127  127 127 127  127 127 127  127 127 127  127 127 127  127 127 127  127 127 127  127 127 127  127 127 127  127 127 127  127 127 127  127 127 127  127 127 127  127 127 127  127 127 127  127 127 127  127 127 127  127 127 127  127 127 127  127 127 127  127 127 127  127 127 127  
127 127 127  127 127 127  127 127 127  127 127 127  127 127 127  127 127 127  127 127 127  127 127 127  127 127 127  127 127 127  127 127 127  127 127 127  127 127 127  127 127 127  127 127 127  127 127 127  127 127 127  127 127 127  127 127 127  127 127 127  127 127 127  127 127 127  127 127 127  127 127 127  127 127 127  127 127 127  127 127 127  127 127 127  127 127 127  127 127 127  
127 127 127  127 127 127  127 127 127  127 127 127  127 127 127  127 127 127  127 127 127  127 127 127  127 127 127  127 127 127  127 127 127  127 127 127  127 127 127  127 127 127  127 127 127  127 127 127  127 127 127  127 127 127  127 127 127  127 127 127  127 127 127  127 127 127  127 127 127  127 127 127  127 127 127  127 127 127  127 127 127  127 127 127  127 127 127  127 127 127  
127 127 127  127 127 127  127 127 127  127 127 127  127 127 127  127 127 127  127 127 127  127 127 127  127 127 127  127 127 127  127 127 127  127 127 127  127 127 127  127 127 127  127 127 127  127 127 127  127 127 127  127 127 127  127 127 127  127 127 127  127 127 127  127 127 127  127 127 127  127 127 127  127 127 127  127 127 127  127 127 127  127 127 127  127 127 127  127 127 127  
127 127 127  127 127 127  127 127 127  127 127 127  127 127 127  127 127 127  127 127 127  127 127 127  127 127 127  127 127 127  127 127 127  127 127 127  127 127 127  127 127 127  127 127 127  127 127 127  127 127 127  127 127 127  127 127 127  127 127 127  127 127 127  127 127 127  127 127 127  127 127 127  127 127 127  127 127 127  127 127 127  127 127 127  127 127 127  127 127 127  
127 127 127  127 127 127  127 127 127  127 127 127  127 127 127  127 127 127  127 127 127  127 127 127  127 127 127  127 127 127  127 127 127  127 127 127  127 127 127  127 127 127  127 127 127  127 127 127  127 127 127  127 127 127  127 127 127  127 127 127  127 127 127  127 127 127  127 127 127  127 127 127  127 127 127  127 127 127  127 127 127  127 127 127  127 127 127  127 127 127  
127 127 127  127 127 127  127 127 127  127 127 127  127 127 127  127 127 127  127 127 127  127 127 127  127 127 127  127 127 127  127 127 127  127 127 127  127 127 127  127 127 127  127 127 127  127 127 127  127 127 127  127 127 127  127 127 127  127 127 127  127 127 127  127 127 127  127 127 127  127 127 127  127 127 127  127 127 127  127 127 127  127 127 127  127 127 127  127 127 127  
127 127 127  127 127 127  127 127 127  127 127 127  127 127 127  127 127 127  127 127 127  127 127 127  127 127 127  127 127 127  127 127 127  127 127 127  127 127 127  127 127 127  127 127 127  127 127 127  127 127 127  127 127 127  127 127 127  127 127 127  127 127 127  127 127 127  127 127 127  127 127 127  127 127 127  127 127 127  127 127 127  127 127 127  127 127 127  127 127 127  
127 127 127  127 127 127  127 127 127  127 127 127  127 127 127  127 127 127  127 127 127  127 127 127  127 127 127  127 127 127  127 127 127  127 127 127  127 127 127  127 127 127  127 127 127  127 127 127  127 127 127  127 127 127  127 127 127  127 127 127  127 127 127  127 127 127  127 127 127  127 127 127  127 127 127  127 127 127  127 127 127  127 127 127  127 127 127  127 127 127  
127 127 127  127 127 127  127 127 127  127 127 127  127 127 127  127 127 127  127 127 127  127 127 127  127 127 127  127 127 127  127 127 127  127 127 127  127 127 127  127 127 127  127 127 127  127 127 127  127 127 127  127 127 127  127 127 127  127 127 127  127 127 127  127 127 127  127 127 127  127 127 127  127 127 127  127 127 127  127 127 127  127 127 127  127 127 127  127 127 127  
127 127 127  127 127 127  127 127 127  127 127 127  127 127 127  127 127 127  127 127 127  127 127 127  127 127 127  127 127 127  127 127 127  127 127 127  127 127 127  127 127 127  127 127 127  127 127 127  127 127 127  127 127 127  127 127 127  127 127 127  127 127 127  127 127 127  127 127 127  127 127 127  127 127 127  127 127 127  127 127 127  127 127 127  127 127 127  127 127 127  
127 127 127  127 127 127  127 127 127  127 127 127  127 127 127  127 127 127  127 127 127  127 127 127  127 127 127  127 127 127  127 127 127  127 127 127  127 127 127  127 127 127  127 127 127  127 127 127  127 127 127  127 127 127  127 127 127  127 127 127  127 127 127  127 127 127  127 127 127  127 127 127  127 127 127  127 127 127  127 127 127  127 127 127  127 127 127  127 127 127  
127 127 127  127 127 127  127 127 127  127 127 127  127 127 127  127 127 127  127 127 127  127 127 127  127 127 127  127 127 127  127 127 127  127 127 127  127 127 127  127 127 127  127 127 127  127 127 127  127 127 127  127 127 127  127 127 127  127 127 127  127 127 127  127 127 127  127 127 127  127 127 127  127 127 127  127 127 127  127 127 127  127 127 127  127 127 127  127 127 127  
127 127 127  127 127 127  127 127 127  127 127 127  127 127 127  127 127 127  127 127 127  127 127 127  127 127 127  127 127 127  127 127 127  127 127 127  127 127 127  127 127 127  127 127 127  127 127 127  127 127 127  127 127 127  127 127 127  127 127 127  127 127 127  127 127 127  127 127 127  127 127 127  127 127 127  127 127 127  127 127 127  127 127 127  127 127 127  127 127 127  
127 127 127  127 127 127  127 127 127  127 127 127  127 127 127  127 127 127  127 127 127  127 127 127  127 127 127  127 127 127  127 127 127  127 127 127  127 127 127  127 127 127  127 127 127  127 127 127  127 127 127  127 127 127  127 127 127  127 127 127  127 127 127  127 127 127  127 127 127  127 127 127  127 127 127  127 127 127  127 127 127  127 127 127  127 127 127  127 127 127  
127 127 127  127 127 127  127 127 127  127 127 127  127 127 127  127 127 127  127 127 127  127 127 127  127 127 127  127 127 127  127 127 127  127 127 127  127 127 127  127 127 127  127 127 127  127 127 127  127 127 127  127 127 127  127 127 127  127 127 127  127 127 127  127 127 127  127 127 127  127 127 127  127 127 127  127 127 127  127 127 127  127 127 127  127 127 127  127 127 127  
127 127 127  127 127 127  127 127 127  127 127 127  127 127 127  127 127 127  127 127 127  127 127 127  127 127 127  127 127 127  127 127 127  127 127 127  127 127 127  127 127 127  127 127 127  127 127 127  127 127 127  127 127 127  127 127 127  127 127 127  127 127 127  127 127 127  127 127 127  127 127 127  127 127 127  127 127 127  127 127 127  127 127 127  127 127 127  127 127 127  
127 127 127  127 127 127  127 127 127  127 127 127  127 127 127  127 127 127  127 127 127  127 127 127  127 127 127  127 127 127  127 127 127  127 127 127  127 127 127  127 127 127  127 127 127  127 127 127  127 127 127  127 127 127  127 127 127  127 127 127  127 127 127  127 127 127  127 127 127  127 127 127  127 127 127  127 127 127  127 127 127  127 127 127  127 127 127  127 127 127  
127 127 127  127 127 127  127 127 127  127 127 127  127 127 127  127 127 127  127 127 127  127 127 127  127 127 127  127 127 127  127 127 127  127 127 127  127 127 127  127 127 127  127 127 127  127 127 127  127 127 127  127 127 127  127 127 127  127 127 127  127 127 127  127 127 127  127 127 127  127 127 127  127 127 127  127 127 127  127 127 127  127 127 127  127 127 127  127 127 127  
127 127 127  127 127 127  127 127 127  127 127 127  127 127 127  127 127 127  127 127 127  127 127 127  127 127 127  127 127 127  127 127 127  127 127 127  127 127 127  127 127 127  127 127 127  127 127 127  127 127 127  127 127 127  127 127 127  127 127 127  127 127 127  127 127 127  127 127 127  127 127 127  127 127 127  127 127 127  127 127 127  127 127 127  127 127 127  127 127 127  
127 127 127  127 127 127  127 127 127  127 127 127  127 127 127  127 127 127  127 127 127  127 127 127  127 127 127  127 127 127  127 127 127  127 127 127  127 127 127  127 127 127  127 127 127  127 127 127  127 127 127  127 127 127  127 127 127  127 127 127  127 127 127  127 127 127  127 127 127  127 127 127  127 127 127  127 127 127  127 127 127  127 127 127  127 127 127  127 127 127  
127 127 127  127 127 127  127 127 127  127 127 127  127 127 127  127 127 127  127 127 127  127 127 127  127 127 127  127 127 127  127 127 127  127 127 127  127 127 127  127 127 127  127 127 127  127 127 127  127 127 127  127 127 127  127 127 127  127 127 127  127 127 127  127 127 127  127 127 127  127 127 127  127 127 127  127 127 127  127 127 127  127 127 127  127 127 127  127 127 127  
127 127 127  127 127 127  127 127 127  127 127 127  127 127 127  127 127 127  127 127 127  127 127 127  127 127 127  127 127 127  127 127 127  127 127 127  127 127 127  127 127 127  127 127 127  127 127 127  127 127 127  127 127 127  127 127 127  127 127 127  127 127 127  127 127 127  127 127 127  127 127 127  127 127 127  127 127 127  127 127 127  127 127 127  127 127 127  127 127 127  
